Server 1 Failure and Restore Times:
916 926
1680 1690
2893 2903
3097 3107
3259 3269
3583 3593
3809 3819
5329 5339
5833 5843
5909 5919
5917 5927
5990 6000
6075 6085
6144 6154
9561 9571
9920 9930
10394 10404
10901 10911
11241 11251
11414 11424
11788 11798
12043 12053
12209 12219
13033 13043
13069 13079
13442 13452
13548 13558
14652 14662
14685 14695
14990 15000
15126 15136
16288 16298
16443 16453
16678 16688
17037 17047
17416 17426
17703 17713
19038 19048
19205 19215
19715 19725
20297 20307
20587 20597
21470 21480
21600 21610
21815 21825
23382 23392
23917 23927
24206 24216
24460 24470
25036 25046
25365 25375
26865 26875
26944 26954
27456 27466
27939 27949
28709 28719
29005 29015
29108 29118
29514 29524
29606 29616
29660 29670
30002 30012
32093 32103
32669 32679
33361 33371
33535 33545
33974 33984
34056 34066
34123 34133
34212 34222
34250 34260
34276 34286
34372 34382
35171 35181
35705 35715
36215 36225
36264 36274
36631 36641
36667 36677
36976 36986
37401 37411
37427 37437
43404 43414
44507 44517
47566 47576
48588 48598
48590 48600
49040 49050
49129 49139
50350 50360
50572 50582
51005 51015
51586 51596
51964 51974
52145 52155
52575 52585
53263 53273
53281 53291
54176 54186
55208 55218
57150 57160
58318 58328
58867 58877
58956 58966
60054 60064
60578 60588
61074 61084
61677 61687
61876 61886
61914 61924
62040 62050
62397 62407
62561 62571
63196 63206
63514 63524
64958 64968
65163 65173
65448 65458
65659 65669
66554 66564
67116 67126
67444 67454
68066 68076
68552 68562
68819 68829
69379 69389
69592 69602
70061 70071
70717 70727
71391 71401
72659 72669
73188 73198
73568 73578
73718 73728
74297 74307
74355 74365
74784 74794
75333 75343
76080 76090
76279 76289
78358 78368
79236 79246
79340 79350
80932 80942
81655 81665
81719 81729
81961 81971
83393 83403
84382 84392
85171 85181
85347 85357
86548 86558
86892 86902
86980 86990
87979 87989
88290 88300
88632 88642
88731 88741
89381 89391
89843 89853
90753 90763
90851 90861
91196 91206
91270 91280
91466 91476
92661 92671
93567 93577
93909 93919
94159 94169
94628 94638
94709 94719
94766 94776
94991 95001
95192 95202
95470 95480
95908 95918
96445 96455
96779 96789
97851 97861
98215 98225
98622 98632
99507 99517
99647 99657
100300 100310
102394 102404
103533 103543
103797 103807
104561 104571
104734 104744
105737 105747
105762 105772
107913 107923
108031 108041
109032 109042
109084 109094
109263 109273
110090 110100
110116 110126
110421 110431
111009 111019
111072 111082
111504 111514
111955 111965
112136 112146
112459 112469
112929 112939
113411 113421
113544 113554
113580 113590
114866 114876
115194 115204
116070 116080
116290 116300
116500 116510
117038 117048
117186 117196
117677 117687
117861 117871
117971 117981
118029 118039
118791 118801
118902 118912
119091 119101
119222 119232
119602 119612
120007 120017
120246 120256
120428 120438
120578 120588
120979 120989
121558 121568
122156 122166
122675 122685
123055 123065
123536 123546
123901 123911
124125 124135
124934 124944
125016 125026
125048 125058
125151 125161
125753 125763
125753 125763
125935 125945
126467 126477
126566 126576
127116 127126
127645 127655
128726 128736
128811 128821
129693 129703
130865 130875
131115 131125
132130 132140
132801 132811
132933 132943
133333 133343
133674 133684
135073 135083
135914 135924
136449 136459
137822 137832
138858 138868
139365 139375
140111 140121
140263 140273
140580 140590
141373 141383
142404 142414
142669 142679
143123 143133
143509 143519
143941 143951
144544 144554
145437 145447
145496 145506
145853 145863
146694 146704
147201 147211
147278 147288
147419 147429
147427 147437
147853 147863
148289 148299
148613 148623
148643 148653
149154 149164
149279 149289
149776 149786
150445 150455
150733 150743
152258 152268
153404 153414
153606 153616
153729 153739
155225 155235
156303 156313
156404 156414
157161 157171
158336 158346
159052 159062
159253 159263
159664 159674
160150 160160
160475 160485
161005 161015
161123 161133
162125 162135
162358 162368
162877 162887
163441 163451
163471 163481
163885 163895
163894 163904
163898 163908
164357 164367
165448 165458
165543 165553
165877 165887
166386 166396
166470 166480
167539 167549
168687 168697
169009 169019
170474 170484
171477 171487
172111 172121
172212 172222
172303 172313
172794 172804
172861 172871
174329 174339
174416 174426
174725 174735
Server 2 Failure and Restore Times:
250 260
1050 1060
1160 1170
1891 1901
2294 2304
2789 2799
3149 3159
4388 4398
5019 5029
5485 5495
5624 5634
6439 6449
6695 6705
6752 6762
6875 6885
7788 7798
7963 7973
8334 8344
10135 10145
10872 10882
11606 11616
12716 12726
12933 12943
14189 14199
15680 15690
15724 15734
16268 16278
16482 16492
16492 16502
16524 16534
18287 18297
19238 19248
19626 19636
20340 20350
20890 20900
20910 20920
22252 22262
22890 22900
23560 23570
23778 23788
23868 23878
24928 24938
25128 25138
26247 26257
26827 26837
27271 27281
28249 28259
29537 29547
30380 30390
31589 31599
31710 31720
32973 32983
34037 34047
34319 34329
34483 34493
34666 34676
34794 34804
34955 34965
35224 35234
36410 36420
36477 36487
37191 37201
38557 38567
38798 38808
39027 39037
39159 39169
39299 39309
39957 39967
40745 40755
41428 41438
42926 42936
43294 43304
43431 43441
44090 44100
45801 45811
46514 46524
46586 46596
46626 46636
46740 46750
47596 47606
48300 48310
48385 48395
48499 48509
48566 48576
48593 48603
48630 48640
49912 49922
50011 50021
50259 50269
51115 51125
51517 51527
51818 51828
51870 51880
52577 52587
55005 55015
56055 56065
56550 56560
57238 57248
58535 58545
59424 59434
60104 60114
62159 62169
62502 62512
63388 63398
63428 63438
63570 63580
63700 63710
63890 63900
64021 64031
64522 64532
65048 65058
66826 66836
67220 67230
67280 67290
67728 67738
68027 68037
68967 68977
68968 68978
69424 69434
69557 69567
69886 69896
70067 70077
70167 70177
70187 70197
70782 70792
71289 71299
71391 71401
71884 71894
72083 72093
72195 72205
72772 72782
72920 72930
72965 72975
74014 74024
74063 74073
74287 74297
74736 74746
74906 74916
75076 75086
75181 75191
75182 75192
75383 75393
75669 75679
76925 76935
77525 77535
78103 78113
78847 78857
80087 80097
80200 80210
80597 80607
81773 81783
82808 82818
83237 83247
83397 83407
83736 83746
84681 84691
84852 84862
85428 85438
85502 85512
85841 85851
86485 86495
86610 86620
86674 86684
86897 86907
88240 88250
88726 88736
89578 89588
89781 89791
90318 90328
90467 90477
90504 90514
91024 91034
91194 91204
91241 91251
92603 92613
92757 92767
93474 93484
93559 93569
94050 94060
94166 94176
94443 94453
94693 94703
94890 94900
95398 95408
95604 95614
95677 95687
95679 95689
96423 96433
96483 96493
97121 97131
97419 97429
98034 98044
98355 98365
98404 98414
98645 98655
99180 99190
99250 99260
99277 99287
100036 100046
100328 100338
100773 100783
101150 101160
101374 101384
102471 102481
102564 102574
102937 102947
103390 103400
104275 104285
104327 104337
104419 104429
104546 104556
104717 104727
105770 105780
106613 106623
106631 106641
107384 107394
108288 108298
108412 108422
108885 108895
109446 109456
110081 110091
110337 110347
110621 110631
110864 110874
110948 110958
110955 110965
111195 111205
111863 111873
112387 112397
113647 113657
114476 114486
114662 114672
114665 114675
115593 115603
116107 116117
116363 116373
116997 117007
117563 117573
117579 117589
118157 118167
118639 118649
119058 119068
119060 119070
119211 119221
120185 120195
120393 120403
121449 121459
121636 121646
121739 121749
122089 122099
122651 122661
122757 122767
123369 123379
123765 123775
125112 125122
126417 126427
127771 127781
128173 128183
128976 128986
129427 129437
132107 132117
132303 132313
132747 132757
133459 133469
134251 134261
134714 134724
134805 134815
135806 135816
136351 136361
136824 136834
137342 137352
137422 137432
137438 137448
137803 137813
138164 138174
138500 138510
138524 138534
138766 138776
139066 139076
139332 139342
139593 139603
140225 140235
141063 141073
141358 141368
144023 144033
144061 144071
144515 144525
144639 144649
145924 145934
146234 146244
147184 147194
148671 148681
149399 149409
149783 149793
150107 150117
150420 150430
152129 152139
152435 152445
153162 153172
153310 153320
154965 154975
155222 155232
155626 155636
155731 155741
155954 155964
157195 157205
157661 157671
157719 157729
157829 157839
158278 158288
158731 158741
159142 159152
159280 159290
159490 159500
160776 160786
161512 161522
162865 162875
163162 163172
163954 163964
165640 165650
165813 165823
166040 166050
166728 166738
166887 166897
166952 166962
167440 167450
168732 168742
168897 168907
169010 169020
169106 169116
169235 169245
169241 169251
169304 169314
169826 169836
169879 169889
169915 169925
170258 170268
170431 170441
171648 171658
171753 171763
172035 172045
172734 172744
