Average Time Until Total System Failure: 4.13936e+06
578
57608
1422
712
894
791
3018
421
2177
1155
842
1837
513
803
856
2385
781
608
1156
3512
291
970
6095
2810
9322
2246
1248
3027
694
20083
427
1412
4097
3811
189928
511
404
1733
237
170
610
1058
4529
1453
1605
739
1038
459
2197
274
908
2171
2965
431
2110
1145
190
159231
8732
408
315
779
1107
114
481
379
1428
970
1278
1211
835
969
1272
914
1364
544
4955
2232
1182
1399
1895
7071
406
313
240
782
4702
10548
8245
19863
985
856
102
4547
3233
137750
1191
700
17883
429
2470
2060280142
192
649
1334
30032
1737
1055
9413
90295
63
3181
1453
973
2454
577
1163
371
1139340
907
145
2307
8722
9750
1671
844
658
516
18927
1708
1079
590
1620
662
6397
52000
220
2213
576
3258
1000
1304
1725
699
723
2468
2698
1203
191
2856
519
1409
319
1068
792
611
4698
4310
297
1013
1081
36921
459
8
34282
211
692
548
201605
338
1154
1863
1658556
514
1078421
1732
1076
732380
624
3610
1941
1509
226
4787
105
5898
552
280
4745
697
7160
40
2908
264
832
531
519
1352
1753
1958
794
69306
2990
388
4122
1005
10010
1207
5862
3048
61367
766
2656
913
8628
2602
1167
2387
661
517
7063
1325
1084
803
5327
488
385
1528
996
211013
586
459
8912
2533
10450
1654
10957
2987
1612
6797
1717
19553
519
411
1819
3242
1222
4578
3665
71144
1494
2051
758
1067
5720
3956
1323
922
147
549
433
2725
2776
864
132
84
7867
324
1095
804
627
1119
388
299
1008
746
105
8163
367
278
2634
700
553
669
341
1181
2856
3592
475197
6090
1896
1082
178
120
493
8786
1553
1006
949
586
14084
11846
2340
1669
702
4627
16062
342
1178
2926
136
661
412
25629
1090
22923
3663
491
45924
302
226
10225
1208
1385
368
820
2898
718
553
444
348
1212
870
669
3434
414
1860
119774
801
636
2106
35056
1590
999
760
1521
465
369
286
1130
710
561
871
2920
1708
1711
669
82
14785
1537
1262
29190
66957
497
8738
1968
1013
6874
969172
460
368
1357
1555
711
96
6755
2270
1241
2560
1626
526
8248
3031
1118
178
122
1949
2738
1571
139292
763
585
477
4310
286
3924
2272
4583
1286
345
21268
875
677
522
414
1979
1098
2042
636
500
20
1589
13567
763
29295
1944
796
288
942
149
95
443
345
1234
881
32298
2292
856
2691
247
817
633
1608
1208
4869
14326
772
116
965
2758
1380
999
721
562
26840
345
1489
198
20375
84
3924
324
3814
819
1698
1240
1509
1564
1030
165
5145
476
371
1190
956
722
565
3116
1678
1252
887
1267
110133
420
4124
247
816
636
501
3253
304
982
2555
111
476
1081
289
1984
723
2750
2009
798
2578
1581
139
229686
15774
1211
2751
838
